"interaction.coefficient" "true.nde" "true.nie" "est.nde" "est.nie" "nde.bias" "nie.bias" "nde.percent.bias" "nie.percent.bias" "nde.coverage" "nie.coverage"
"1" -0.5 -1.40092585335386 0 -1.91631047547173 0.516244781344856 -0.515384622117875 0.516244781344856 0.367840643819754 Inf 0 0
"2" -0.48 -1.30428055608093 0.04 -1.8099455664276 0.53711135664504 -0.50566501034667 0.49711135664504 0.387647840642754 12.427783916126 0 0
"3" -0.46 -1.20827007707317 0.08 -1.6757134272867 0.552613341634037 -0.467443350213528 0.472613341634037 0.386859888876949 5.90766677042546 0 0
"4" -0.44 -1.1138799427524 0.12 -1.56864313405928 0.58462954289908 -0.454763191306878 0.46462954289908 0.408266025222304 3.87191285749233 0 0
"5" -0.42 -1.01554295357792 0.16 -1.44781508387548 0.604800562226364 -0.432272130297558 0.444800562226364 0.425703816186919 2.78000351391478 0.01 0
"6" -0.4 -0.920287284384221 0.2 -1.34059333745797 0.612996743666268 -0.420306053073747 0.412996743666268 0.456657244198179 2.06498371833134 0 0
"7" -0.38 -0.824998650960143 0.24 -1.22131053510244 0.635905034276789 -0.396311884142297 0.395905034276789 0.480452965300438 1.64960430948662 0.01 0
"8" -0.36 -0.727912916398089 0.28 -1.09529382458704 0.654376711883519 -0.367380908188947 0.374376711883519 0.504889772817762 1.33705968529828 0.01 0
"9" -0.34 -0.631148331470369 0.32 -0.991601146453897 0.674964197296772 -0.360452814983528 0.354964197296772 0.571044130608946 1.10926311655241 0.03 0
"10" -0.32 -0.537713318461556 0.36 -0.868070061930015 0.687340925020846 -0.33035674346846 0.327340925020846 0.614411322137559 0.909280347280129 0.09 0
"11" -0.3 -0.439227612945746 0.4 -0.743648580968416 0.707828881728509 -0.30442096802267 0.307828881728509 0.693176048724361 0.769572204321272 0.08 0
"12" -0.28 -0.344940064579237 0.44 -0.628816602022834 0.726013131790536 -0.283876537443597 0.286013131790536 0.823787419308291 0.650029844978491 0.17 0.01
"13" -0.26 -0.247967472360923 0.48 -0.516005235822648 0.746943496707549 -0.268037763461725 0.266943496707549 1.08220234214539 0.556132284807393 0.16 0.04
"14" -0.24 -0.152058068454724 0.52 -0.401743785813061 0.775610733779741 -0.249685717358337 0.255610733779741 1.64275096441552 0.491559103422579 0.2 0.02
"15" -0.22 -0.055206919486579 0.56 -0.30003981938924 0.800576388563118 -0.244832899902661 0.240576388563118 4.46229954070301 0.42960069386271 0.28 0.09
"16" -0.2 0.0400257487925239 0.6 -0.156802085240042 0.802975551872084 -0.196827834032566 0.202975551872084 -4.95147752975443 0.338292586453473 0.35 0.15
"17" -0.18 0.13575946206364 0.64 -0.0597989960669299 0.833523918591929 -0.19555845813057 0.193523918591929 -1.43874529489678 0.302381122799888 0.46 0.18
"18" -0.16 0.232040180429776 0.68 0.0705348798426533 0.842308458302106 -0.161505300587123 0.162308458302106 -0.695490617057525 0.238688909267803 0.55 0.3
"19" -0.14 0.328084459331427 0.72 0.175889689024696 0.867037426774507 -0.152194770306731 0.147037426774507 -0.464118218640707 0.204218648297927 0.57 0.43
"20" -0.12 0.424296283268944 0.76 0.292892718950338 0.891852363129156 -0.131403564318606 0.131852363129156 -0.309508245325883 0.173489951485732 0.73 0.51
"21" -0.1 0.520052967829238 0.8 0.413269963662258 0.91397152469509 -0.10678300416698 0.11397152469509 -0.205339988392184 0.142464405868862 0.76 0.62
"22" -0.08 0.615851542241558 0.84 0.530602024083082 0.923406693256907 -0.085249518158476 0.0834066932569066 -0.138445881777186 0.0992936824486984 0.86 0.78
"23" -0.06 0.711776637846148 0.88 0.649968129238656 0.94109118364801 -0.0618085086074919 0.0610911836480102 -0.086853130035775 0.0694217996000116 0.88 0.85
"24" -0.04 0.807967288064694 0.92 0.766257412068755 0.964799650619864 -0.0417098759959392 0.0447996506198638 -0.0516350423847783 0.0486952724128954 0.95 0.91
"25" -0.02 0.903994320650364 0.96 0.891777062631861 0.975821161580537 -0.0122172580185025 0.0158211615805373 -0.0135147722388127 0.016480376646393 0.95 0.93
"26" 0 1 1 0.997156151571759 1.00743878549004 -0.00284384842824142 0.00743878549004084 -0.00284384842824142 0.00743878549004075 0.96 0.94
"27" 0.02 1.09596708535178 1.04 1.14019438882723 1.00276827326889 0.0442273034754476 -0.0372317267311097 0.04034850334378 -0.0357997372414517 0.93 0.94
"28" 0.04 1.19201607184941 1.08 1.24945358199194 1.02811981553884 0.0574375101425304 -0.0518801844611572 0.048186705187755 -0.0480372078344047 0.83 0.87
"29" 0.0600000000000001 1.28783891292401 1.12 1.36409661452276 1.06045099069245 0.0762577015987538 -0.0595490093075499 0.0592143977197483 -0.0531687583103124 0.84 0.85
"30" 0.08 1.38400353118465 1.16 1.47364097028084 1.07486371270801 0.0896374390961996 -0.0851362872919883 0.0647775443055422 -0.073393351113783 0.88 0.72
"31" 0.1 1.47975675906116 1.2 1.58154899020064 1.09832741688528 0.101792231139484 -0.101672583114716 0.0688042339353946 -0.0847271525955968 0.75 0.67
"32" 0.12 1.57582945247814 1.24 1.71118930853589 1.10647979746674 0.135359856057749 -0.133520202533264 0.0858845374700992 -0.107677582688116 0.69 0.54
"33" 0.14 1.67168245543391 1.28 1.80905510405143 1.13683546333119 0.137372648617517 -0.143164536668805 0.082171463118486 -0.111847294272504 0.64 0.49
"34" 0.16 1.76831445277998 1.32 1.92962271453714 1.14816332939126 0.161308261757162 -0.171836670608744 0.0912141642847882 -0.130179295915715 0.54 0.35
"35" 0.18 1.86472581570501 1.36 2.04606430277586 1.1777211290633 0.181338487070849 -0.1822788709367 0.0972343711346519 -0.134028581571103 0.44 0.33
"36" 0.2 1.95997389612434 1.4 2.15852585711665 1.19728214850939 0.19855196099231 -0.202717851490611 0.101284577950476 -0.144798465350436 0.39 0.32
"37" 0.22 2.0556622852941 1.44 2.28766632867501 1.20855182846085 0.232004043380911 -0.231448171539152 0.112865757238272 -0.160727896902189 0.3 0.17
"38" 0.24 2.15302520515609 1.48 2.39049391190793 1.23314772014141 0.237468706751837 -0.246852279858594 0.110311471052966 -0.166792080985537 0.28 0.11
"39" 0.26 2.24828044702051 1.52 2.51282826484693 1.25583895562825 0.264547817826423 -0.264161044371747 0.11767756703113 -0.173790160770886 0.16 0.07
"40" 0.28 2.34400069788824 1.56 2.64202909215276 1.26746128999407 0.298028394264519 -0.292538710005931 0.127154360695828 -0.187524814106366 0.11 0.03
"41" 0.3 2.43924544687299 1.6 2.76481309392177 1.27716617374783 0.325567647048779 -0.322833826252174 0.133469204878814 -0.201771141407609 0.03 0.03
"42" 0.32 2.53583231641894 1.64 2.85744005909315 1.32065600906658 0.321607742674213 -0.319343990933418 0.126819516679344 -0.194721945691109 0.07 0.04
"43" 0.34 2.63178577419017 1.68 2.97938273589904 1.32599971214183 0.347596961708877 -0.354000287858169 0.13206825865335 -0.210714457058434 0.03 0
"44" 0.36 2.7285219838173 1.72 3.10981670002513 1.32877580979434 0.381294716207823 -0.391224190205657 0.139749084582453 -0.227455924538173 0.01 0.01
"45" 0.38 2.82422031066255 1.76 3.22510886231569 1.37103485598123 0.400888551653139 -0.388965144018767 0.141936671655745 -0.221002922737936 0.01 0
"46" 0.4 2.9198873208599 1.8 3.32090880730523 1.39005051967807 0.401021486445323 -0.40994948032193 0.137343197443772 -0.227749711289961 0.02 0.01
"47" 0.42 3.01554000112915 1.84 3.43408602938016 1.41410689970563 0.418546028251002 -0.425893100294369 0.138797634259559 -0.231463641464331 0.01 0
"48" 0.44 3.1115093213418 1.88 3.57837018240844 1.4133920700329 0.466860861066642 -0.466607929967099 0.1500517483088 -0.248195707429308 0 0
"49" 0.46 3.20800529971876 1.92 3.68288487940292 1.43813622806674 0.474879579684156 -0.481863771933264 0.148033613866452 -0.250970714548575 0 0
"50" 0.48 3.30279526838855 1.96 3.79950221016306 1.46068695676953 0.496706941774513 -0.49931304323047 0.150383213210432 -0.254751552668607 0 0
"51" 0.5 3.39966606981635 2 3.92300037469762 1.46771924352577 0.523334304881277 -0.532280756474229 0.153932054270809 -0.266140378237114 0 0
